 shape_pt_sequence |    shape_pt_lat    |    shape_pt_lon
-------------------+--------------------+---------------------
                 1 | 13.318293542300914 |  -59.63852602582265
                 2 |         13.3182949 |         -59.6385268
                 3 |         13.3182956 |         -59.6385597
                 4 |         13.3183041 |         -59.6386006
                 5 |         13.3183196 |         -59.6386428
                 6 |         13.3184693 |         -59.6389576
                 7 |         13.3184668 |         -59.6390119
                 8 |         13.3184354 |         -59.6390476
                 9 |         13.3183343 |         -59.6390997
                10 |         13.3183291 |         -59.6391373
                11 |         13.3183611 |         -59.6392456
                12 |          13.318356 |         -59.6393434
                13 |         13.3182985 |         -59.6394438
                14 |         13.3183052 |         -59.6395317
                15 |          13.318335 |         -59.6396335
                16 | 13.318449352007603 | -59.639862541088185
                 1 | 13.326607060339862 |  -59.61552132051129
                 2 |         13.3264114 |         -59.6156721
                 3 |         13.3259475 |         -59.6159291
                 4 |          13.325635 |         -59.6161146
                 5 |         13.3252255 |         -59.6163443
                 6 |         13.3251286 |         -59.6164124
                 7 |         13.3245466 |         -59.6167544
                 8 |         13.3239372 |         -59.6171044
                 9 |         13.3235481 |         -59.6172778
                10 |         13.3229333 |         -59.6176022
                11 |         13.3226254 |         -59.6178103
                12 |         13.3223862 |         -59.6179741
                13 |         13.3223388 |         -59.6180066
                14 |         13.3219112 |          -59.618411
                15 |         13.3216074 |         -59.6187893
                16 |         13.3213449 |         -59.6191824
                17 |          13.321105 |         -59.6194709
                18 |         13.3205495 |         -59.6202109
                19 |         13.3201252 |         -59.6208474
                20 |         13.3196702 |         -59.6215653
                21 |         13.3193094 |         -59.6220374
                22 |         13.3184526 |           -59.62291
                23 |         13.3181959 |          -59.623207
                24 |         13.3180918 |         -59.6233277
                25 |         13.3179816 |         -59.6234396
                26 |   13.3179604303923 | -59.623472629021435
                 1 | 13.262027232844728 |  -59.64120560482215
                 2 |         13.2617602 |         -59.6411561
                 3 |         13.2612641 |         -59.6411909
                 4 |          13.260821 |         -59.6412734
                 5 |         13.2601501 |         -59.6413971
                 6 |         13.2594029 |         -59.6415355
                 7 |         13.2589314 |         -59.6416298
                 8 |         13.2581887 |         -59.6417685
                 9 |         13.2579632 |         -59.6418036
                10 |         13.2576905 |         -59.6418165
                11 |         13.2574842 |         -59.6418143
                12 |         13.2572964 |         -59.6418108
                13 |          13.256875 |         -59.6418154
                14 |         13.2566187 |         -59.6418304
                15 |         13.2564598 |         -59.6418581
                16 |         13.2561723 |         -59.6419283
                17 |         13.2559134 |          -59.642038
                18 |         13.2556332 |         -59.6421726
                19 |         13.2552416 |         -59.6423696
                20 |         13.2551169 |         -59.6424193
                21 |         13.2548199 |         -59.6425157
                22 |         13.2546837 |         -59.6425314
                23 |         13.2545262 |         -59.6425197
                24 |         13.2543144 |         -59.6424768
                25 |         13.2538861 |          -59.642382
                26 |          13.253589 |         -59.6423197
                27 | 13.253113658490193 |   -59.6422245961784
                 1 | 13.316402248007629 |  -59.63206325157593
                 2 |         13.3167169 |          -59.632236
                 3 |         13.3171594 |         -59.6325015
                 4 |         13.3179427 |         -59.6329739
                 5 |         13.3182063 |         -59.6330819
                 6 |         13.3189987 |         -59.6335163
                 7 | 13.318999816302762 |  -59.63355306484308
                 1 | 13.319444807391863 |  -59.63691947298049
                 2 |          13.319516 |         -59.6373999
                 3 |         13.3195523 |          -59.637743
                 4 | 13.319621833793576 | -59.638349960295685
                 1 |     13.27447448522 | -59.646632437061115
                 2 |         13.2743785 |         -59.6466264
                 3 |         13.2742401 |         -59.6466328
                 4 |         13.2740287 |         -59.6466558
                 5 |         13.2737775 |         -59.6466731
                 6 |         13.2736527 |         -59.6466658
                 7 |         13.2735277 |          -59.646645
                 8 |         13.2731383 |         -59.6464964
                 9 |         13.2728451 |         -59.6464004
                10 |         13.2724241 |         -59.6463131
                11 |         13.2720499 |         -59.6462286
                12 |         13.2718592 |         -59.6462114
                13 |         13.2715709 |         -59.6460908
                14 |         13.2713318 |         -59.6459597
                15 |         13.2710662 |         -59.6458626
                16 |         13.2710238 |         -59.6458471
                17 |         13.2707889 |         -59.6457589
                18 |          13.270491 |         -59.6456577
                19 |         13.2702212 |         -59.6455511
                20 |         13.2700105 |         -59.6454407
                21 |         13.2699456 |         -59.6453966
                22 |         13.2698806 |          -59.645346
                23 |          13.269825 |         -59.6452473
                24 |         13.2697519 |         -59.6450334
                25 |         13.2696041 |         -59.6451354
                26 |         13.2694313 |         -59.6451826
                27 |         13.2693609 |         -59.6451938
                28 |         13.2692615 |         -59.6451896
                29 |         13.2691161 |         -59.6451648
                30 |         13.2690708 |         -59.6451428
                31 |         13.2690316 |          -59.645128
                32 |         13.2687224 |         -59.6450281
                33 |         13.2684224 |         -59.6448977
                34 | 13.268314982161616 |  -59.64485617916373
                 1 | 13.275820877691878 |  -59.64685903473853
                 2 |         13.2757828 |         -59.6468533
                 3 |            13.2754 |         -59.6467614
                 4 |         13.2748922 |         -59.6466876
                 5 |         13.2746154 |         -59.6466413
                 6 | 13.274490473159632 | -59.646633442634354
                 1 |  13.29556643202023 | -59.641511866244315
                 2 |         13.2953272 |         -59.6416585
                 3 |         13.2952165 |         -59.6417181
                 4 |         13.2950689 |         -59.6417605
                 5 |         13.2948608 |          -59.641799
                 6 |         13.2945637 |         -59.6418112
                 7 |         13.2942284 |         -59.6417793
                 8 |         13.2938147 |         -59.6417143
                 9 |         13.2935987 |         -59.6416574
                10 |         13.2927511 |         -59.6414339
                11 |         13.2920148 |         -59.6413205
                12 |         13.2905908 |         -59.6410657
                13 |         13.2897978 |          -59.640921
                14 |         13.2894234 |         -59.6407821
                15 |         13.2893063 |         -59.6407443
                16 |         13.2887021 |         -59.6405495
                17 |         13.2885794 |         -59.6405111
                18 |         13.2880938 |          -59.640359
                19 |         13.2875186 |         -59.6401722
                20 |         13.2874787 |         -59.6401747
                21 |         13.2872872 |         -59.6401482
                22 |         13.2869812 |         -59.6401058
                23 |         13.2863644 |         -59.6399185
                24 |  13.28637375180639 |  -59.63988687711138
                 1 | 13.319243647671652 |  -59.62471199580448
                 2 |         13.3192275 |         -59.6247278
                 3 |         13.3191412 |         -59.6249378
                 4 |         13.3190498 |         -59.6251868
                 5 |         13.3188454 |          -59.625623
                 6 |         13.3185851 |         -59.6262071
                 7 |          13.318537 |         -59.6263151
                 8 |         13.3182832 |         -59.6267713
                 9 |         13.3181369 |         -59.6270566
                10 |         13.3181128 |         -59.6271144
                11 |          13.318101 |         -59.6272429
                12 |         13.3180711 |         -59.6279053
                13 |         13.3180507 |         -59.6285412
                14 |         13.3180482 |         -59.6285975
                15 |         13.3180272 |          -59.629079
                16 |         13.3179771 |            -59.6292
                17 |         13.3179306 |         -59.6292654
                18 |         13.3177819 |         -59.6293432
                19 |         13.3176853 |          -59.629488
                20 |         13.3173151 |         -59.6297581
                21 |         13.3172494 |          -59.629818
                22 |         13.3171907 |         -59.6298931
                23 |          13.317055 |         -59.6301814
                24 |         13.3168536 |         -59.6306582
                25 |         13.3163517 |         -59.6320355
                26 | 13.316323544444323 |  -59.63208561773462
                 1 |  13.31615560472718 |  -59.63989583783977
                 2 |         13.3161249 |         -59.6399295
                 3 |         13.3157066 |         -59.6402256
                 4 |         13.3152884 |         -59.6405175
                 5 |          13.315136 |         -59.6405575
                 6 |         13.3150025 |         -59.6405058
                 7 |  13.31498558382971 |  -59.64048324116036
                 1 | 13.319004863757046 |    -59.633515896391
                 2 |         13.3189987 |         -59.6335163
                 3 |         13.3190338 |         -59.6346723
                 4 |         13.3191078 |         -59.6351718
                 5 |         13.3191781 |         -59.6356912
                 6 |         13.3192237 |         -59.6357772
                 7 |         13.3194142 |         -59.6358952
                 8 |         13.3194215 |         -59.6359954
                 9 |         13.3194437 |          -59.636912
                10 | 13.319444721352154 |  -59.63691889236121
                 1 | 13.319623907235675 | -59.638368059366144
                 2 |         13.3196261 |         -59.6383872
                 3 |         13.3188655 |         -59.6384068
                 4 |         13.3187575 |         -59.6384333
                 5 |         13.3184041 |         -59.6384573
                 6 |         13.3183484 |         -59.6385281
                 7 |         13.3182949 |         -59.6385268
                 8 | 13.318295330428779 |   -59.6385470301526
                 1 | 13.314988479534982 | -59.640487102776184
                 2 |         13.3145738 |         -59.6399341
                 3 |         13.3138324 |         -59.6389455
                 4 |         13.3137887 |         -59.6388873
                 5 |         13.3121574 |         -59.6373038
                 6 |         13.3116107 |         -59.6368162
                 7 |         13.3115722 |         -59.6367974
                 8 |         13.3115311 |         -59.6367897
                 9 |  13.31152305331265 |  -59.63677564631485
                 1 | 13.299949775372834 |  -59.64237226833535
                 2 |         13.2998126 |         -59.6423937
                 3 |         13.2996213 |         -59.6423761
                 4 |         13.2993707 |         -59.6423452
                 5 |         13.2989043 |         -59.6422731
                 6 |         13.2980211 |         -59.6421348
                 7 |         13.2974365 |         -59.6420194
                 8 |         13.2973044 |         -59.6419877
                 9 |         13.2972604 |         -59.6419571
                10 | 13.297259073380054 | -59.641955263869654
                 1 | 13.318998762648716 | -59.633518363302464
                 2 |         13.3190338 |         -59.6346723
                 3 |         13.3191078 |         -59.6351718
                 4 |         13.3191781 |         -59.6356912
                 5 |         13.3192237 |         -59.6357772
                 6 |         13.3194142 |         -59.6358952
                 7 |         13.3194215 |         -59.6359954
                 8 |  13.31944327676167 |  -59.63689452521373
                 1 |  13.25318036893978 |  -59.64223794325322
                 2 |         13.2530537 |         -59.6422126
                 3 |         13.2525772 |         -59.6421165
                 4 |         13.2523173 |         -59.6420534
                 5 |         13.2522057 |         -59.6420304
                 6 |         13.2519311 |         -59.6419738
                 7 |         13.2517577 |         -59.6419381
                 8 |         13.2513942 |         -59.6418519
                 9 |         13.2511583 |         -59.6417928
                10 |  13.25104260485746 |  -59.64176664217612
                 1 | 13.281063917145897 | -59.646097791589455
                 2 |         13.2809774 |         -59.6462136
                 3 |         13.2808108 |          -59.646457
                 4 |         13.2806656 |         -59.6467622
                 5 |         13.2805153 |          -59.647037
                 6 |         13.2804275 |         -59.6471313
                 7 |         13.2802888 |           -59.64722
                 8 |         13.2800832 |          -59.647373
                 9 |         13.2799199 |         -59.6475037
                10 |         13.2798136 |         -59.6476094
                11 | 13.279733581520627 |  -59.64769340942597
                 1 |  13.28635128167181 |  -59.63992647564312
                 2 |         13.2859559 |         -59.6405678
                 3 |         13.2856857 |         -59.6411061
                 4 |         13.2856262 |         -59.6412614
                 5 |         13.2855611 |         -59.6414615
                 6 |         13.2854528 |         -59.6417589
                 7 |         13.2849574 |         -59.6424754
                 8 |         13.2846194 |          -59.642825
                 9 |         13.2845997 |         -59.6428438
                10 |          13.284539 |         -59.6429027
                11 |         13.2841142 |         -59.6434128
                12 |         13.2840229 |         -59.6435054
                13 |          13.283872 |         -59.6436501
                14 |         13.2838062 |          -59.643728
                15 |          13.283721 |         -59.6437993
                16 |         13.2836594 |         -59.6437857
                17 |         13.2836157 |         -59.6437602
                18 |         13.2834577 |         -59.6436422
                19 |         13.2833742 |            -59.6436
                20 |         13.2832906 |         -59.6435785
                21 |         13.2832267 |         -59.6435832
                22 |         13.2831836 |         -59.6436247
                23 |         13.2830779 |         -59.6437515
                24 |         13.2829304 |         -59.6439131
                25 |         13.2827326 |         -59.6441478
                26 |         13.2824788 |         -59.6444334
                27 |         13.2821792 |         -59.6447848
                28 |         13.2819528 |         -59.6450551
                29 |         13.2817205 |         -59.6453153
                30 |         13.2814891 |         -59.6455731
                31 |         13.2814037 |          -59.645682
                32 |         13.2811177 |         -59.6460258
                33 |  13.28107206966001 |  -59.64608687895831
                 1 | 13.251008585511071 |  -59.64175895065121
                 2 |          13.250854 |          -59.641724
                 3 |         13.2503685 |         -59.6416616
                 4 |         13.2501807 |         -59.6416424
                 5 |         13.2501574 |         -59.6416417
                 6 |         13.2501697 |         -59.6418105
                 7 |         13.2501638 |         -59.6418823
                 8 |         13.2501567 |           -59.64202
                 9 |          13.250145 |         -59.6421045
                10 |  13.25009746989317 | -59.642139094938095
                 1 | 13.296657141423552 |  -59.64124283306666
                 2 |         13.2965244 |          -59.641251
                 3 |         13.2962154 |         -59.6412917
                 4 |         13.2959447 |         -59.6413564
                 5 |         13.2958445 |         -59.6413936
                 6 |         13.2956287 |         -59.6414737
                 7 | 13.295547719229743 | -59.641523335974604
                 1 | 13.318443808369803 |  -59.63985143747173
                 2 |         13.3184707 |         -59.6399053
                 3 |         13.3184432 |         -59.6399762
                 4 |         13.3183444 |         -59.6402554
                 5 |         13.3182932 |          -59.640298
                 6 |         13.3180265 |         -59.6404297
                 7 |         13.3177012 |         -59.6410364
                 8 |         13.3176446 |         -59.6410705
                 9 |         13.3172669 |         -59.6412338
                10 |         13.3172556 |         -59.6412985
                11 |         13.3170915 |         -59.6414513
                12 |         13.3170482 |         -59.6414675
                13 |         13.3169973 |          -59.641465
                14 |         13.3169386 |         -59.6414406
                15 |         13.3169137 |         -59.6414618
                16 | 13.316910963225068 |   -59.6414564836204
                 1 |  13.31155672892159 |  -59.63679450152546
                 2 |         13.3115311 |         -59.6367897
                 3 |         13.3114881 |         -59.6368001
                 4 |         13.3114496 |         -59.6368205
                 5 |         13.3108997 |         -59.6372641
                 6 |         13.3100578 |         -59.6378302
                 7 |         13.3096782 |         -59.6380201
                 8 |         13.3091149 |         -59.6382347
                 9 |         13.3078984 |         -59.6386297
                10 |         13.3069167 |         -59.6391064
                11 |         13.3059573 |         -59.6395879
                12 |         13.3053725 |         -59.6398659
                13 |          13.305179 |         -59.6399579
                14 |         13.3051259 |         -59.6399831
                15 |         13.3032226 |         -59.6408396
                16 |           13.30311 |         -59.6408903
                17 |         13.3022835 |         -59.6413488
                18 |         13.3014278 |         -59.6417401
                19 |         13.3004101 |         -59.6422054
                20 |         13.3003682 |         -59.6422246
                21 |         13.3000283 |           -59.64236
                 1 | 13.268333675875827 | -59.644863404952844
                 2 |         13.2680659 |         -59.6447599
                 3 |         13.2676471 |         -59.6446009
                 4 |         13.2673427 |         -59.6444822
                 5 |         13.2670348 |         -59.6443704
                 6 |         13.2669093 |         -59.6442758
                 7 |         13.2668495 |         -59.6441377
                 8 |         13.2668371 |          -59.644082
                 9 |         13.2668358 |         -59.6440371
                10 |         13.2668296 |         -59.6439632
                11 |         13.2667659 |         -59.6438856
                12 |          13.266713 |          -59.643807
                13 |         13.2666922 |         -59.6437996
                14 |          13.266675 |         -59.6437855
                15 |         13.2666635 |         -59.6437662
                16 |          13.266591 |         -59.6437052
                17 |         13.2665088 |         -59.6436349
                18 |         13.2664001 |         -59.6436309
                19 |         13.2663117 |         -59.6436422
                20 |         13.2662369 |         -59.6436509
                21 |         13.2661182 |         -59.6436637
                22 |         13.2660105 |         -59.6436346
                23 |         13.2659399 |         -59.6436039
                24 |         13.2657791 |         -59.6434831
                25 |           13.26567 |         -59.6434007
                26 |         13.2656402 |         -59.6433744
                27 |         13.2655671 |         -59.6432941
                28 |         13.2654098 |         -59.6431535
                29 |         13.2653654 |         -59.6431192
                30 |         13.2653433 |         -59.6431128
                31 |         13.2653241 |         -59.6430999
                32 |         13.2653095 |         -59.6430817
                33 |         13.2650999 |         -59.6430195
                34 |         13.2648237 |         -59.6429569
                35 |         13.2646141 |         -59.6429302
                36 |         13.2645261 |         -59.6429163
                37 |         13.2644215 |          -59.642873
                38 |         13.2643167 |         -59.6428115
                39 |         13.2641858 |         -59.6427201
                40 |          13.263998 |           -59.64256
                41 |           13.26348 |         -59.6421217
                42 |           13.26282 |         -59.6415982
                43 |         13.2625281 |         -59.6413932
                44 |         13.2622338 |         -59.6412439
                45 | 13.262037817514285 |   -59.6412075670983
                 1 | 13.316903017559435 |  -59.64144104860081
                 2 | 13.316140858420894 |  -59.63996050036554
                 1 | 13.279697231640043 |  -59.64770217474601
                 2 |         13.2796444 |         -59.6477147
                 3 |         13.2794016 |         -59.6476572
                 4 |         13.2791337 |         -59.6475843
                 5 |         13.2789248 |         -59.6475385
                 6 |         13.2788155 |         -59.6475148
                 7 |         13.2786652 |         -59.6474568
                 8 |         13.2785265 |         -59.6473879
                 9 |         13.2784407 |         -59.6473297
                10 |         13.2782631 |         -59.6472423
                11 |         13.2780953 |         -59.6472129
                12 |         13.2778808 |         -59.6472011
                13 |         13.2775768 |         -59.6471843
                14 |         13.2772897 |         -59.6471271
                15 |         13.2770624 |         -59.6471077
                16 |         13.2768472 |         -59.6470821
                17 |         13.2766604 |         -59.6470649
                18 |         13.2764939 |         -59.6470013
                19 |         13.2764212 |         -59.6469401
                20 |         13.2763402 |         -59.6468833
                21 |         13.2762265 |         -59.6468679
                22 |         13.2760787 |          -59.646877
                23 |         13.2759395 |         -59.6468769
                24 | 13.275839312779192 |  -59.64686181117798
                 1 | 13.297297229963212 | -59.641982713565326
                 2 |         13.2972604 |         -59.6419571
                 3 |         13.2971763 |         -59.6418407
                 4 |         13.2968826 |          -59.641322
                 5 |          13.296844 |         -59.6412804
                 6 |         13.2968007 |         -59.6412509
                 7 |         13.2967552 |         -59.6412368
                 8 | 13.296667961601555 |   -59.6412421673538
                 1 |  13.31788841230186 | -59.623571566458814
                 2 |         13.3179052 |         -59.6235588
                 3 |         13.3183934 |         -59.6240003
                 4 |         13.3190002 |         -59.6245545
                 5 |         13.3192275 |         -59.6247278
                 6 | 13.319225153914992 |  -59.62473350889747